0.0396540854252484 1.1522517087364731E-4 2.1409040141861477 2.7706623450065 3.5462305663494607 4.170107345875467 4.919010378632766 5.621780009090819 6.310827962512842 6.99345558920582 7.702803345068473 8.401645842912862 9.152472561581574 9.856513780160482 10.569180548959217 11.160256008930277 11.828120899942501 12.74175859816638 13.565360265186108 13.848306028918119 14.565174147737169 15.258756677374645 
1.8315415284418481 3.9988020932293606 2.140896302064857 2.770649123129605 3.5462331444404613 4.170098433745268 4.9189998292692705 5.621704687580566 6.310923755211984 6.9935387480139815 7.70282362066561 8.401754511842222 9.15245409403372 9.856522873155386 10.569229084471987 11.160252681739047 11.828184825209584 12.741756957129427 13.565489367623943 13.847904884081597 14.565158313828134 15.258759493810452 
1.8883449184069683 3.6831249743910703 2.140893657601165 2.770612345217615 3.5462678147981923 4.170105963504966 4.91900485461507 5.621778324193163 6.310923687420934 6.9940746143673875 7.703210394019435 8.401633649482891 9.15243725681259 9.856157220736783 10.569196197475895 11.160248271506088 11.828153400910962 12.74170363027143 13.5658343165964 13.84790827824393 14.565172417936108 15.258668748150892 
0.07929007125874184 3.4243955247641624 2.1408975421022283 2.7706497154532914 3.546225698186299 4.170106965718343 4.919004214888726 5.621785267722678 6.31082783267107 6.993490101531583 7.703236212630627 8.403631127920546 9.152506202634733 9.856524423744423 10.569223152337807 11.160248558774404 11.828154520704508 12.74171077667461 13.565474080452992 13.847806262330264 14.565172968834572 15.258752562020492 
1.0417720270277757 0.10589626117508788 2.140896279387351 2.7706625044777735 3.546301135519729 4.170098340828944 4.919005431296466 5.621787989652842 6.310829694469464 6.9934436901428665 7.7028237779340705 8.401660588104818 9.15249366961445 9.856504830799443 10.569243132218348 11.160248306008393 11.828155563389648 12.741706840553194 13.56547359825683 13.847943543244403 14.565147218029558 15.258674443757021 
1.3715481375768297 3.957046087564855 2.1408959704255492 2.7706616189332505 3.546228967791818 4.170106251160836 4.919000507116458 5.621778304972748 6.3108426748349435 6.993423531398765 7.7032931574597905 8.403641271030487 9.152583614183026 9.856170033293408 10.569291276536587 11.160238976764562 11.828036717067794 12.741759976397097 13.56585051971187 13.847833533244412 14.565157098683281 15.258759684045591 
1.9963336085543246 1.5317498173490733 2.140896356374061 2.7706116626011976 3.5462255610526405 4.170107080477079 4.919005372885118 5.621886473130471 6.310949051763512 6.994110310810416 7.703156210668118 8.40390996947749 9.152489441257286 9.85653377857428 10.569200053517882 11.16024836236744 11.828064359308309 12.74170389411298 13.565810995170585 13.847792796382741 14.565186012205704 15.258677031804226 
0.06414898684974346 1.393166046117333 2.140898266644341 2.770658685309843 3.5462291076418846 4.170098425907278 4.919011318185429 5.621846095971563 6.310829544022067 6.993545842700083 7.702801481328207 8.403628239031244 9.15193984911712 9.85650230152037 10.56858852709443 11.160255947474534 11.828176814065486 12.741710031048877 13.565472497028013 13.847945047811073 14.565173618444108 15.25867393580202 
0.17803985346417317 3.059940926556366 2.1409984628326733 2.770612113440918 3.546297065155014 4.170110174186015 4.919005667129447 5.621886216472811 6.310930651221716 6.994050449033185 7.702825010003338 8.403840891915094 9.15249710919713 9.856522730164002 10.569253491764185 11.160252827886982 11.828176086926831 12.741710675546294 13.565513397034895 13.847357449916606 14.565149626005253 15.258762269729587 
1.3258250459638008 1.74081644615485 2.1409133549352144 2.770648916619215 3.546232471338647 4.170106878963272 4.919000273015894 5.62173190604872 6.310846658530357 6.993440381612841 7.7028020706203675 8.403701961032311 9.15244557448833 9.8565177297676 10.569231584991362 11.160239507412223 11.828169686529906 12.741708813675196 13.563587663746741 13.84827692857328 14.565157660376833 15.258757344865423 
1.1156626656048614 3.6831249743910703 2.1408884046153793 2.7706116669287257 3.546303080468803 4.1701059685241875 4.919011186636827 5.621887207193526 6.310920380426153 6.993628987048009 7.703144001195076 8.403749767348891 9.152439102123191 9.85652392942587 10.5691986018533 11.160248289027294 11.828117657816312 12.741854517551264 13.54755217343476 13.855782528693151 14.565173635236658 15.258671395862336 
1.7788902220936358 1.5577624852014225 2.1409133337871364 2.7706586812340688 3.5462635168354906 4.170107119494534 4.919005354838943 5.621785807832534 6.3108276294616115 6.994111154447273 7.702816718755929 8.403862811897405 9.151797406887562 9.85651074921984 10.56935060436454 11.1602520206993 11.828185965036802 12.741702386963494 13.194174572491537 13.848463896565978 14.565176256581124 15.258756431148857 
1.458248116003464 3.9504021460197043 2.1409127998562236 2.7706486939794313 3.546226679383967 4.170098354981134 4.9190054039044595 5.594691224493987 6.310830004838836 6.993553241872436 7.70316036582006 8.403636077483467 9.152439060128762 9.856553040078435 10.569244120585827 11.160248394132424 11.828149129197223 12.741710339578752 13.565813061158254 13.847797666513978 14.565172220216565 15.258758076349102 
1.733992326963254 3.6874042021882887 2.1408962009227297 2.770661677217363 3.546266523218295 4.170110278538351 4.919041043296418 5.6217815800184745 6.310924605279347 6.993549181889503 7.7028114887244685 8.401125434260287 9.152439096460157 9.85654680394801 10.568615210169453 11.160256102893156 11.828064402473489 12.741719374655355 13.565605757108923 13.847899189745355 14.56517323826486 15.2587522964229 
0.16208262194808362 0.8282347555733431 2.1408959411536372 2.7706081183242945 3.5462290907157596 4.170110155211533 4.919012702009087 5.621880420573731 6.310920536560813 6.99340809204105 7.702812158096853 8.403873384991895 9.15190946046842 9.856133097351337 10.569324883970115 11.160293208082162 11.828038660019233 12.741717806458523 13.563455459157359 13.847809645634085 14.565160196691146 15.258752672437778 
1.9736156996043006 0.18325809831216333 2.140900086417803 2.7706107485143026 3.5463006860278004 4.170106009368847 4.919011904646318 5.621892587319959 6.310961528276367 6.993444287725299 7.702810364046353 8.40173451816609 9.152601840909051 9.856524307945419 10.569378843806811 11.160248729096551 11.828183733016424 12.741709947775353 13.563766109106444 13.84735995867091 14.565007105522106 15.25875662578385 
0.18379919804702094 0.17516358057933407 2.140896046087152 2.770609904584438 3.5462678555053877 4.170098283524162 4.919038849067793 5.621708841071283 6.3108501451534025 6.993426680407832 7.702826486807723 8.40108669638191 9.151624999839791 9.856577359859992 10.569205118687643 11.160241374004775 11.828038920566183 12.741703792467366 13.549206021654859 13.855946256663305 14.565371145966616 15.258768016180081 
1.9782785597552333 0.522266087244927 2.1408953577354244 2.7706491367550226 3.546266887209858 4.170106474874704 4.919012462617533 5.621740008624277 6.310828264786953 6.993561975428339 7.703159104979671 8.403799909626503 9.152514491021407 9.856390545494996 10.569226918557465 11.160240409859124 11.828120412025452 12.74170320619783 13.56380161556741 13.84834472270093 14.565176814256395 15.25867838513418 
1.831627278467483 3.6012542267878933 2.1408962009480903 2.7706496522787485 3.546232967295773 4.170110206875946 4.91900685293563 5.62170806789238 6.310826991295415 6.993500679602904 7.702811489665955 8.403964431197364 9.152498147186813 9.856520137290046 10.568614577986633 11.160248392809251 11.82818804819236 12.741719547304367 13.565396358068758 13.847899264802498 14.565178164384022 15.258672622791316 
1.9338924917265012 0.014380209172936392 2.140898011901241 2.7706598407189955 3.546291596028192 4.1701068795684035 4.919011869555637 5.6217851809220045 6.310847822516389 6.993448925377921 7.703157483408066 8.401051989319678 9.151639807964294 9.856133018214331 10.569327992082403 11.16024928578025 11.82806584671177 12.74190792373109 13.56404247663937 13.847889079847343 14.56515664333188 15.258672481654486 
1.0326830817604615 3.6831249743910703 2.140897668754714 2.770612345217615 3.546267973310642 4.170105963504966 4.91900485461507 5.621799020128913 6.310923687420934 6.994075381158892 7.703210394019435 8.403755187356108 9.15243725681259 9.856531441070988 10.569198726179607 11.160248292935803 11.828153650102209 12.74170363027143 13.565834660105924 13.847909350877867 14.565172417936108 15.25867119760079 
1.3926925351709305 0.1744416235608173 2.1409128238368176 2.770648695464956 3.546226679383967 4.170098354981134 4.919009310380396 5.621739478434109 6.310830004838836 6.993553241872436 7.70316036582006 8.401667407145242 9.152439060128762 9.856522240715401 10.569244120585827 11.160248394132424 11.828150220279623 12.741702970406042 13.565816497081762 13.847797666513978 14.56517233323961 15.258758076349102 
1.0407543745861219 2.9659300075906048 2.140896122721427 2.7706587812610985 3.5463056881993795 4.170110174186015 4.919005380118385 5.621788502064217 6.310930636720328 6.993445706958793 7.702823776225716 8.40169986743868 9.151932151544598 9.856547121003437 10.569251960598175 11.160252589348902 11.828068092012064 12.741704255234389 13.565480596357094 13.847946415519779 14.56517981168429 15.258672997483444 
0.09391191054430109 0.45289994770447817 2.141018451904074 2.7706608894124636 3.54629960413798 4.170107281066396 4.919033678121451 5.621782979841788 6.310830305372961 6.9935442972816295 7.702816075581551 8.401687630865935 9.151721095607506 9.856505027001036 10.569228844811274 11.160259565608062 11.828064567950987 12.741705575064689 13.565623047168016 13.847794535412659 14.565188741897897 15.258684251769965 
0.571266812158715 3.394228625001542 2.1409116617730097 2.7706635307379455 3.5463023878694764 4.170098740657593 4.919012010867495 5.621890534968324 6.310921807748642 6.993433851249535 7.70320781959128 8.40366741018488 9.152473064670485 9.856527340988576 10.569370196417605 11.160241094856024 11.828053256749085 12.741912340141889 13.565850484118336 13.847977685279123 14.565362733071153 15.258751968510266 
0.0906747165030154 0.6965262635196352 2.140896100798621 2.7706490197062257 3.5462296150715202 4.170110352047233 4.919042264269766 5.621785749418123 6.310920298973089 6.993454185421426 7.7028135044928066 8.403908696885876 9.152501675616568 9.856385555469153 10.569245091712796 11.16023852985771 11.828185837789281 12.741702568285959 13.565813588657997 13.847889247948093 14.565184554494834 15.258672473966682 
1.7289505984158413 0.2855446409921645 2.1408953593681916 2.770662963817504 3.5462932535168292 4.170106699311674 4.919005938165705 5.621799586532331 6.310920967056888 6.993433981372955 7.703156242115566 8.4010603859424 9.152637400292551 9.856522658125451 10.569260994802699 11.160248982875823 11.828171532793903 12.74171076416582 13.565389040882193 13.856267524511466 14.565157299258876 15.258671257619255 
1.9739141265213107 3.0685057027587765 2.140998471043114 2.77064898014271 3.546297065155014 4.170110174186015 4.919005667129447 5.6218868600132685 6.310930636720328 6.994050449033185 7.702825010003338 8.403840891915094 9.15249710919713 9.856532839414713 10.569253537850143 11.160252827886982 11.828066495192775 12.741704255234389 13.565513397034895 13.847357449916606 14.565187748767528 15.258762269729587 
0.5801382505487506 0.828664781797176 2.140897165417406 2.770610176749106 3.5462290419101015 4.170098614484807 4.919012702009087 5.6218879344032615 6.310923241821059 6.99340809204105 7.703210855227739 8.403873926897413 9.15190946046842 9.856513256959023 10.569324883970115 11.160293208082162 11.828186013942243 12.741691456745466 13.563455459157359 13.856435342302518 14.565160196691146 15.258752459986196 
0.192419731075065 0.29991971001594253 2.140888129218062 2.7706067474539138 3.546456850357146 4.170101322014153 4.918891441331313 5.621785319363418 6.31084388179943 6.994071712253922 7.70282862821341 8.400912693885749 9.151563337958127 9.856151274864839 10.5692719047914 11.16025246204082 11.828066976381136 12.741704457695672 13.565864210401001 13.847875629534338 14.565015587439797 15.258683282376937 
0.16415831316797014 0.45289994770447817 2.141018451904074 2.7706591026044607 3.54629960413798 4.170107260060236 4.919033678121451 5.621782979841788 6.310965277681333 6.9935442972816295 7.702811516793792 8.401687630865935 9.152504551484448 9.856505027001036 10.56925841799526 11.160259280609809 11.828064528189897 12.741705575064689 13.565623047168016 13.847794535412659 14.565188741897897 15.258684251769965 
0.12994661815678063 1.393166046117333 2.140896166409362 2.7706615832616963 3.5462675943107205 4.170106397075 4.9190112036363525 5.621848180122347 6.310829666629819 6.9934537791905855 7.702801511001047 8.401232007681855 9.151940256106426 9.856515636240237 10.568585332895712 11.160240553322684 11.828178723902678 12.741710276436216 13.565472497028013 13.847913647808586 14.565174272110209 15.258752925956024 
0.5685005980730082 0.17516358057933407 2.14089583217133 2.7706095050927293 3.5462678658997975 4.170107234139803 4.919038849067793 5.621708841071283 6.3108501451534025 6.993426680407832 7.703220519764214 8.401096819070553 9.151624999839791 9.856386471075949 10.569204627209443 11.160240190719387 11.828061935265104 12.741703792467366 13.549206021654859 13.855946256663305 14.565157098089145 15.258768016180081 
1.7222860937433624 1.7507466870658044 2.140897970374966 2.7706495641547844 3.5462338416278842 4.170106883175451 4.919000680797612 5.62179958947121 6.310919537602236 6.994074394620395 7.703156242115566 8.403702215112622 9.15250005299886 9.856511195003854 10.569328448707697 11.160248981068321 11.828192222195502 12.741908867307773 13.563669069038824 13.856296234209143 14.56499237529674 15.25867184687797 
0.5629492369089851 0.12361047222174558 2.1408936102088 2.7706596482820998 3.5462671937451833 4.170107125241686 4.919000137243434 5.621786662510256 6.310957868626168 7.018147789017322 7.702814401940557 8.401714458779947 9.151652844383749 9.856582835117452 10.569204406480603 11.160240196287244 11.828065503475642 12.741701200394324 13.565850558795105 13.856121848166838 14.56535906381434 15.25875624543784 
0.12139647378094076 1.6587711851873017 2.140900082866464 2.770659893135896 3.5462333410472047 4.170106882485464 4.919015342197017 5.621733304416196 6.3109584980325195 6.99353121715262 7.702814287120766 8.40371355485429 9.152454677829763 9.856152598641929 10.568572661192052 11.160256085230804 11.828119433704128 12.741830677650876 13.564958108441392 13.848274885631282 14.565365084533173 15.258756520847644 
1.5312907933984512 3.0375462555236785 2.140900443574538 2.770605720426037 3.5462260621902004 4.170107056852961 4.919008905609305 5.621886219241806 6.310930885801342 6.994110310810416 7.703156210668118 8.401699761081675 9.152462143177454 9.85653726260621 10.569200002266882 11.160248362625156 11.8280611854182 12.74170418634683 13.547759406232737 13.847797373713949 14.565011304820539 15.258677820432496 
1.7382374313341251 0.21244861808861454 2.1408981376447946 2.7706471934897308 3.5462256362782343 4.170107054128628 4.9190114062733405 5.621796302209367 6.3108311485689255 6.99354530789688 7.702814634179957 8.401703272384113 9.152621470330638 9.856522691092271 10.569226058743844 11.160252875143152 11.828066099571936 12.741693036888915 13.56562356336771 13.847792652432318 14.565370108926459 15.25875318406861 
1.7402396935189617 1.1533198223480534 2.140903678808022 2.770647993841482 3.546297903685154 4.170106988492684 4.919011928423229 5.621785046841373 6.3109633353811585 6.993549618144554 7.703133838956705 8.401162189055048 9.152605836496383 9.856522604875865 10.569204293123919 11.160248283616404 11.828066424902545 12.741706764751791 13.565885337814672 13.84726209088199 14.565156379376264 15.25875642463126 
1.10562424557889 0.255942308088871 2.140896002781851 2.7706625793487696 3.5462298167453485 4.170098340828944 4.919005433027902 5.621885198197651 6.310846418305738 6.993560782726979 7.702823752476129 8.401655914203285 9.15249392002127 9.856523951649791 10.569196005748008 11.160248306008393 11.828149874639305 12.741758538346796 13.563806032770971 13.847803556484518 14.56517664467587 15.258672888453553 
1.7452515673860929 0.014380209172936392 2.140898011901241 2.7706489557824963 3.5462621145964994 4.170107007187483 4.9190120260976204 5.621785185177519 6.310846819649573 6.994086426251236 7.703157483408066 8.40113891673703 9.151634064307327 9.856131230344015 10.569327992082403 11.16024037660155 11.82806584671177 12.74190580467807 13.56404247663937 13.85617486139847 14.565157182818787 15.258764488263619 
1.421851897173474 2.9786574274228395 2.1409001071720364 2.770661729872498 3.5462319038143955 4.170110358228693 4.919001984099802 5.621790445544131 6.310959115093558 6.994110331615037 7.7031510808063635 8.403945533971468 9.15249138096652 9.856534375100825 10.568584094255414 11.160248346639975 11.828120435030796 12.741829129100617 13.565295572507809 13.847741488204393 14.565180107885988 15.258767114135658 
1.9881699211880508 3.928562470438399 2.1408974551319218 2.770610539554952 3.546225534532758 4.170107048527063 4.919012023279876 5.621790188300609 6.310850466626115 6.9935561926643794 7.703157649544285 8.40368455312501 9.15246376341597 9.85653083460416 10.569326487617596 11.160292301228989 11.828063556210614 12.741908379356776 13.549303822588827 13.847837863527568 14.565173223601228 15.258754957093272 
0.13235857929091732 3.0913493231226625 2.140914139788492 2.7706614094849393 3.5462318852907777 4.170109791866868 4.9190095200372195 5.621796770382437 6.310956847758073 6.993448339197826 7.703154823074408 8.403669216980148 9.151601425397706 9.856153494335182 10.569187156652122 11.160252650058858 11.828155594805008 12.74170338189773 13.565840134905413 13.847835626807766 14.564989863585454 15.258675996905998 
1.8272102421562124 0.15186861331315152 2.1408907490403957 2.770661574925925 3.5462656384786424 4.170107066170175 4.919001940532221 5.621793043642712 6.310961636729671 6.994124816366425 7.702811368424398 8.401107769103527 9.151945728018942 9.856520383774797 10.569204317550705 11.160239646000399 11.828035307923344 12.741702689308907 13.56529601279016 13.847350732802315 14.5651733163789 15.258761858309793 
0.20041242198759857 0.05448832734000877 2.140896010913733 2.770648798180646 3.546235160041557 4.170106223149617 4.919000686099122 5.621785356294913 6.310843813198625 6.993515131958043 7.70281835557432 8.403711434687406 9.151629220872879 9.856154981464172 10.569301437583269 11.160240871993501 11.828036824834884 12.741758076024901 13.563693399078055 13.85630273866197 14.565157368136116 15.258759496967679 
1.9836394347194357 3.5984541673410715 2.140896181333757 2.7706496522787485 3.5462248717335805 4.17010598033657 4.919006168274052 5.621801589911135 6.310925546603834 6.993563334572353 7.702811524647932 8.401846819353288 9.151935531252587 9.85653370546045 10.56919775412276 11.16024836974189 11.828188395674024 12.741703925417056 13.565825183611379 13.847903879730023 14.565173653045631 15.25867141253145 
0.18093021988862656 3.9421516269655985 2.140896048181829 2.770649460969497 3.546266822631903 4.170098485977275 4.919041293534848 5.621781426068927 6.310920821793238 6.994069811608513 7.702823131581867 8.401688939938754 9.152625365509284 9.85656702283732 10.569227605652298 11.160241394909407 11.828038824871058 12.741917550413968 13.563673386034967 13.84862435326249 14.565370108926459 15.258682374118566 
1.056319135345503 0.15797542098648654 2.1408958862348335 2.770611833659445 3.546267295873841 4.170098700863353 4.919004794956181 5.62178108442967 6.310843920465012 6.9934218015923895 7.7028180128273664 8.40110644913558 9.152454828207873 9.856139230156153 10.569295221103566 11.160248539125273 11.828185456496321 12.741702092906042 13.565809303866011 13.856577922529253 14.565172959397561 15.25875277381419 
1.7341315378345985 1.2997808462374607 2.140898502817352 2.7706496525313784 3.546265511002479 4.170107030949301 4.919009331219642 5.621885788985034 6.310824112731789 6.993553486307318 7.7032047535635035 8.403626110993455 9.151562800072718 9.856522249011336 10.569198731932765 11.160255898274794 11.828188072312534 12.741759736041733 13.56553286499557 13.847585838013774 14.565172144444707 15.25867440567581 
1.1082958986097753 0.3173388777548638 2.1408959622542634 2.770611332654398 3.546456850357146 4.170107592438478 4.919041688542207 5.621785319363418 6.310844045492612 6.993544321510623 7.70282862821341 8.400912693885749 9.152399744517991 9.856574898605006 10.568582966200426 11.160248125495098 11.82806701016989 12.741711568653177 13.565863912874576 13.847875629534338 14.565065513322917 15.258671705037088 
1.0716328077244919 3.8430685135713336 2.1408961246750136 2.7706489860023016 3.5462658600663417 4.170110174186015 4.919005380118385 5.621887788803597 6.310930636720328 6.994079407188915 7.702811495103057 8.401699345121955 9.15249356445284 9.856533807515818 10.568562718665978 11.160252815671093 11.828066495192775 12.741704974619463 13.56553639715653 13.847884496317723 14.56517176501473 15.258672607129997 
1.7402396935189617 1.2038145280316812 2.140903678808022 2.7706491031820275 3.546297903685154 4.170106988492684 4.919011928423229 5.621785046841373 6.310828252162668 6.993432656914988 7.703214865253452 8.403680578329269 9.152617917526612 9.8565582868573 10.569204293123919 11.16024020266004 11.828066424902545 12.741706764751791 13.565886398894099 13.84726209088199 14.565156738080733 15.25876387236918 
0.09524892114483177 1.5383583724181407 2.1408964809927746 2.770660883344985 3.5463049955123687 4.170098170517945 4.919005464730435 5.621786827938107 6.310829666629819 6.993442805459283 7.703156235407833 8.403578672044599 9.151723771426909 9.856589816023032 10.569227775994356 11.160248250870014 11.828067198121103 12.741708664932295 13.563377459411209 13.84809326976747 14.565149847504857 15.258679125601693 
1.966227216797377 3.1656948366816238 2.1408907375197637 2.7706496792902855 3.5462286897824664 4.170110174533534 4.919005637087841 5.621886257350545 6.310831322083879 6.993549487878491 7.702824299857664 8.403533322241158 9.152505091662889 9.856522638433018 10.56921990054663 11.16025247423183 11.828066643020053 12.741702199564203 13.565308901915914 13.848168008578366 14.565173704343866 15.258767129037125 
1.9998706565571884 3.9999893324258826 2.140896203521271 2.7706487999841127 3.5462333745938506 4.170098417194837 4.919000665517923 5.621846972188294 6.310845905669613 6.994058356888151 7.702812815547946 8.4011202286966 9.152617729660035 9.856570369286146 10.569231464661971 11.160255986295583 11.828036750915773 12.741758164021899 13.565563311399819 13.84790483840706 14.565161415422281 15.258752198761407 
1.7396758874852578 3.0913493231226625 2.140903511065709 2.7706614094849393 3.5462322860404374 4.170109658392557 4.91900858399211 5.621794352419624 6.310957503946405 6.993448444409937 7.703156304888228 8.403667752997533 9.152511175012647 9.856153499977664 10.56926145477644 11.160240075803236 11.828156299176607 12.741703634753915 13.56586770620924 13.847707507587646 14.56515722653897 15.258749971331419 
0.10033660456485313 1.393166046117333 2.1408915362291774 2.770658685309843 3.5462282834622885 4.170098425907278 4.919011202337884 5.621848180122347 6.310829666629819 6.994107189833717 7.702801481328207 8.403628201505299 9.15193984911712 9.856502647212654 10.568585332895712 11.160240553322684 11.828176814065486 12.741710031048877 13.565472497028013 13.847945047811073 14.565173618444108 15.258685944209507 
1.3802575983938068 0.1291288189303148 2.1409002811824758 2.7706082702434056 3.546264469335677 4.170107111907557 4.919006821805518 5.621786491474553 6.31082833030897 6.993444078688217 7.7028169538830555 8.401111079992905 9.15177418567517 9.856528740377033 10.569211113282527 11.16025202529059 11.828186997498133 12.741758400626074 13.565532770073077 13.847800175525 14.565175805161964 15.258763757643921 
1.300294013687334 0.15197936644470555 2.140896002781851 2.7706625793487696 3.5462298167453485 4.170098340828944 4.919005433008861 5.621738434634762 6.310846418305738 6.993560782726979 7.702823752476129 8.401660588104818 9.152493672272845 9.856523313134572 10.569243289269686 11.160248306008393 11.828150431221312 12.741758538346796 13.563806032770971 13.847803556484518 14.56517664467587 15.25875811627712 
0.024145465565646784 0.12001525528084026 2.1408962138820806 2.7706615612384473 3.5462654132345173 4.170106825204097 4.919011693432092 5.6217815800184745 6.310924605279347 6.994088888921979 7.702822488291898 8.401099928525863 9.152439096460157 9.856541652018075 10.568583422318863 11.160256102893156 11.828064436269417 12.741829321165355 13.565605757108923 13.856139777002634 14.565157485437757 15.2587522964229 
1.9826315941902353 1.2997808462374607 2.1409124867838343 2.7706620044589743 3.5462670829855 4.170107030949301 4.919042723682716 5.621890008811196 6.3108438494966155 6.994075435580915 7.703155268233412 8.400892779265664 9.152452999943353 9.856522249011336 10.569246513901229 11.160255927336852 11.828063706073381 12.741704188730049 13.56584520684916 13.847797558881462 14.565172144444707 15.258759345077573 
1.9890162506054345 2.9441520648318664 2.1408961138191445 2.770606711291343 3.5462255610526405 4.170107056852961 4.919012011153678 5.621886219241806 6.310930885801342 6.994110310810416 7.703156210668118 8.401699761081675 9.152462143177454 9.85653726260621 10.569200002266882 11.160248362625156 11.828062310098465 12.74170418634683 13.565327560433587 13.84790085365129 14.565186012205704 15.258677820432496 
1.1191029815645286 1.7484700862480014 2.1409133549352144 2.770648916619215 3.546232471338647 4.170106878963272 4.91900015031512 5.62173190604872 6.3109187031022085 6.994071022678028 7.703199165801317 8.403747950870184 9.152450605171781 9.85651777830398 10.569231584991362 11.160256265129405 11.828064019686453 12.741708838836482 13.565830989170951 13.84827692857328 14.565173579514896 15.258753533778908 
0.12029096167519693 0.6972164161611885 2.1408959768781517 2.770612456483086 3.5462959939724126 4.170101343963483 4.91889382797297 5.621784138665549 6.3108474795947505 6.994105945880773 7.702853024974646 8.40186808498368 9.151976895724388 9.856589844664825 10.569242860387229 11.160248159311513 11.828064626038651 12.741708647820857 13.563421697551842 13.847896643842843 14.565153477634292 15.258758524601852 
0.09141501581437883 2.1914385927269735 2.140898700809859 2.770659903558784 3.5462961718667767 4.170101357927127 4.918891842615488 5.621889591292417 6.310920817125874 6.99407588853032 7.7032102580742094 8.40194954092818 9.151600838438487 9.85615016756981 10.569243457818034 11.160252539131367 11.828065148454332 12.741708791801342 13.563774996667759 13.848339110204396 14.564993014829101 15.258671422889275 
0.12505582759951306 3.8177323250626394 2.1408962770271978 2.770662566773188 3.546231855784946 4.170107239606801 4.919043705359439 5.6217858360193524 6.310844786787129 6.993440342249046 7.702813302381697 8.401337923428098 9.151693488653015 9.856386063949971 10.569327045650876 11.160248360800646 11.828185394456707 12.741710608590857 13.565828766070416 13.847915962710356 14.565174212450108 15.258676090417781 
0.09524892114483177 1.6122762615898143 2.140891585460944 2.770658695520511 3.546305193837292 4.170098246680656 4.919011202337884 5.621884926889711 6.310829666629819 6.99344412547095 7.702801481328207 8.403628201505299 9.15193984911712 9.856153777175374 10.569227586198123 11.160240553322684 11.828176814065486 12.741710031048877 13.565472497028013 13.847945047811073 14.565179803851835 15.258667141814204 
3.116110410938955E-5 3.634569119031505E-4 2.1408962138820806 2.7706615612384473 3.5462669621424276 4.170106825204097 4.919041043296418 5.6217815800184745 6.310924605279347 6.993549181889503 7.702811466785301 8.40109969993055 9.152439096460157 9.85654680394801 10.568586674579056 11.160256102893156 11.828064402473489 12.741710278474487 13.565605757108923 13.8478910409365 14.565173101687824 15.2587522964229 
1.9743182493208948 3.87394003007656 2.1409035704991815 2.770610600161791 3.5463065461828784 4.170106090352724 4.91900538097723 5.621778292442986 6.310841008442412 6.994098891827038 7.702805190905988 8.403661770002438 9.15242033164177 9.85655306437167 10.568567291197294 11.160239956030956 11.828120145758252 12.741710327859535 13.56550728967368 13.856070797122726 14.565180860417312 15.258761694081231 
1.300294013687334 0.10589626117508788 2.140896279387351 2.7706625044777735 3.546301135519729 4.170098340828944 4.919005433008861 5.621738434634762 6.310829694469464 6.993560782726979 7.702823752476129 8.401660588104818 9.15249366961445 9.856504830799443 10.569243132218348 11.160248306008393 11.828155563389648 12.741757476612156 13.563806032770971 13.847803556484518 14.565147218029558 15.258747375579935 
1.051387505571741 3.532514217600856 2.140897448010332 2.770659903558784 3.546266095051118 4.170106256322806 4.919012811486162 5.621885156620365 6.310920817125874 6.993557347712806 7.703205733768508 8.403621007967413 9.151597160552418 9.85615016756981 10.569187766476643 11.160291810870588 11.828185818800142 12.741903075696058 13.549108452563535 13.856206066913915 14.564993588269651 15.258755490284093 
1.8317832278297874 1.3062348344753816 2.140900221545087 2.770649123129605 3.546233142137556 4.170098780877704 4.9189998292692705 5.621704687580566 6.310961113658381 6.9935387480139815 7.702831007405364 8.401754511842222 9.15245409403372 9.85652303508811 10.569301175722423 11.160240407419968 11.828184825209584 12.741830915730224 13.565489367623943 13.847898047357619 14.565157036273245 15.258759493810452 
0.0588054797891141 0.11674355861495814 2.1408934371509445 2.7706603676274 3.5462610121528058 4.170107007396155 4.919012026067974 5.621785922507074 6.310958753636944 6.993425379439003 7.703220563075199 8.401114820196764 9.15193013615253 9.85652008850658 10.569265505110634 11.160248504742437 11.828184065023475 12.741909398464621 13.565536234920174 13.848170654790584 14.56501568096916 15.25876388004331 
1.771423707271226 2.963107002169192 2.1409133549352144 2.770661446522755 3.54623100803671 4.170106856037043 4.919000188117163 5.621732495716471 6.310846658530357 6.993430613323205 7.703193972897708 8.403701961032311 9.152491539378003 9.856522471157446 10.569231584991362 11.160256463362982 11.828060491776451 12.741708824802611 13.56530359891855 13.84827692857328 14.565175817643256 15.258758278880551 
1.8027919898966476 1.7516376288339168 2.1408987394969268 2.77066005451727 3.546232471338647 4.170106878963272 4.919000188117163 5.621733093201411 6.310846658530357 6.994072627452283 7.703210071465413 8.403701961032311 9.152450605171781 9.856523966608588 10.569231584991362 11.160255961596562 11.828188220348087 12.741708842170148 13.565565703532998 13.856087615109612 14.565159776915984 15.258674318751059 
1.4123422924584301 0.2121681145296137 2.1408981376447946 2.770647172585955 3.5463013790529834 4.170107054128628 4.9190114062733405 5.621796302209367 6.310847734292457 6.99354530789688 7.703140932882301 8.401697517054323 9.152622435108738 9.856507011516088 10.569227605652298 11.160252898383575 11.828036026570771 12.741911116148431 13.56562356336771 13.847792652432318 14.565370108926459 15.258753134477354 
0.17453712940097305 0.6965262635196352 2.140895968098088 2.7706492225835713 3.546296778615132 4.1701103582967844 4.918892924851249 5.621785637845215 6.310920536668633 6.994158137668049 7.702806986143749 8.403923671343632 9.151633338614552 9.856135749558195 10.569245719725345 11.160238602970876 11.82803513298361 12.741716529991079 13.565860926428366 13.847796577092597 14.565175702917662 15.258763742275551 
1.9567537454209472 2.3994504375029004 2.1409000402928604 2.7706085796229867 3.546267403749325 4.170105869470727 4.919008865033128 5.621784824811472 6.310819603482771 6.994105739387461 7.702803678066657 8.403661786363937 9.151973206457466 9.856517904197906 10.56857918560205 11.160248430367318 11.828157117407084 12.741708813675196 13.563792161181182 13.85619100276669 14.634439302447431 15.258756632661342 
1.9998865885751331 3.9999893324258826 2.140896203521271 2.7706490350011284 3.5463013790529834 4.170098417194837 4.919040529986022 5.621847306457719 6.310923567439799 6.993449657432627 7.702828136360945 8.40115503957492 9.152617729660035 9.856570946402185 10.569227605652298 11.160252821195487 11.828036750915773 12.741717666471391 13.563675202911037 13.84790483840706 14.56536563585909 15.258752198761407 
1.7322442228427202 3.919060673663134 2.1408974551319218 2.770610539554952 3.546228747110002 4.170107233694354 4.91901280566011 5.621789689971966 6.310850466626115 6.9935561926643794 7.703210836772381 8.403701361801366 9.151921823474487 9.856388941923436 10.569327065495786 11.160292406387558 11.828136425200178 12.741908379356776 13.54953879077637 13.85624185638817 14.565173601420149 15.258754957093272 
0.571266812158715 0.9159571092454728 2.140897165417406 2.770649493677041 3.5463020663817377 4.170098614484807 4.919007400738774 5.6218879344032615 6.310922924056582 6.99340809204105 7.703207914272427 8.403874441475573 9.151653559625235 9.856513348504995 10.569216116602222 11.160240662663155 11.828186013942243 12.741703552104381 13.563662074315314 13.856435342302518 14.565160196691146 15.258752459986196 
1.9868742734542257 2.454644386732496 2.1408981376447946 2.770659864873577 3.546266539393406 4.170098252448943 4.919006849580862 5.621797253687902 6.310964447682336 6.993544321817978 7.702814310966615 8.401647855564645 9.151928578294154 9.856506725973267 10.569246543147905 11.160240452484787 11.828118738299668 12.741907990770224 13.563805779826827 13.847740319173056 14.565371776967913 15.258752019328638 
1.021838126109771 2.1914385927269735 2.140898700809859 2.770659903558784 3.5463026644412685 4.170106256322806 4.919006560758018 5.621891211633831 6.310920817125874 6.99407588853032 7.7032102580742094 8.403922190882353 9.15159112070864 9.85615016756981 10.569187766476643 11.160252652070607 11.828185818800142 12.741703703764365 13.563774996667759 13.856125539434288 14.564993014829101 15.258671422889275 
0.566129452655402 0.2760361705228888 2.14089583217133 2.770609539410016 3.5462678658997975 4.170107121110792 4.919038849067793 5.621706858581345 6.310921018995954 6.993425123736481 7.703220519764214 8.401096819070553 9.151624999839791 9.85658825849361 10.569204627209443 11.16024037581253 11.828064066639257 12.741703792467366 13.565392836905351 13.855936377157606 14.565157182818787 15.258766431057603 
1.7814921715912488 2.0241816197911713 2.1409133337871364 2.7706584390893987 3.546232062928022 4.170107119979487 4.919011821040659 5.621785807832534 6.310965922215026 6.994071022678028 7.703151763596022 8.403905397626358 9.152468827000733 9.85651074921984 10.569351134788985 11.16025942427798 11.828122163757612 12.741915365276991 13.565471245146242 13.848463896565978 14.565176256581124 15.25875646066913 
0.06801594312704717 2.4975721627671654 2.140891686790373 2.7706627300919777 3.5462321663527803 4.1701069005358375 4.919015594215907 5.621884577469733 6.310967779544434 6.993451746441969 7.702806978121547 8.403775377658068 9.151941565310857 9.85651807461171 10.568584066294713 11.1602397957991 11.828120723025988 12.741705915922196 13.565471018893549 13.847914796500449 14.56536023110494 15.258757366040317 
1.4409258647682326 3.870293391880689 2.140892482501453 2.770606711291343 3.5462269207850303 4.170107049219041 4.919012022749297 5.621710815716929 6.310949738212302 6.993454987507327 7.70315520628926 8.403912900109674 9.15246122282531 9.856537340353247 10.569203550912743 11.160248362625156 11.828052201025251 12.741912794355388 13.565327559124688 13.847900849249665 14.56517929500382 15.25867439950041 
0.3701092458626923 2.3804570660968647 2.1409035367136156 2.7706599223598998 3.5462675746402916 4.1701071336192195 4.919008231202348 5.621890036501717 6.310968468479498 6.993446928992866 7.702803678066657 8.40116866145746 9.151931009484812 9.856522240423047 10.569247701508083 11.160255926871795 11.828118552191714 12.741705097337263 13.563824452100782 13.847762062141745 14.565153531252095 15.258759099224534 
1.7222860937433624 1.432435649100176 2.140897970374966 2.770607849828255 3.546267490360766 4.170106711223973 4.919006077016783 5.621799670878295 6.310919537602236 6.993556940832047 7.703156242115566 8.403702215112622 9.15250005299886 9.856515748184252 10.569328926999319 11.160248981068321 11.82818495548044 12.741906759163284 13.56403421878844 13.856085198094025 14.564997424993818 15.25867184687797 
0.15418799339525058 0.004777965986130228 2.140900082866464 2.7706599914055143 3.5462326793515393 4.170106900830302 4.919015531891567 5.621792711906906 6.3109603980027345 6.993536013395357 7.702807027138104 8.403946319629265 9.152454383382736 9.856153101446266 10.568584084013173 11.160256085230804 11.82812085367842 12.741830677650876 13.564971099672666 13.847713284323856 14.56536351417696 15.258756394269131 
0.004542854846616651 3.251844439212506 2.140897164361821 2.770661936535687 3.546302428678646 4.170106711628859 4.919012440243216 5.621888106239055 6.310828262997572 6.993561983523213 7.703144298216228 8.40379167651197 9.152481986165188 9.856391222229757 10.56924741889901 11.16024005296504 11.828186123264013 12.741792853751397 13.56559225906421 13.848499328209254 14.565064537749938 15.258752170976015 
1.8819234125720459 2.411603296621906 2.140891686790373 2.7706627300919777 3.5462663641550263 4.170105995056154 4.919009529738862 5.621884882960238 6.310967779544434 6.993450792526995 7.702802474034306 8.403775377658068 9.151941565310857 9.85651807461171 10.568559045607076 11.1602397957991 11.82817675583494 12.74171019584307 13.565471018893549 13.847914032340162 14.565178388292127 15.25875736529005 
1.9976734359022164 1.4451569117939451 2.1408974551319218 2.770609741912187 3.54623001002415 4.170107521712834 4.919012719345595 5.621789689971966 6.310850466626115 6.9935561926643794 7.703210836772381 8.403701361801366 9.151921823474487 9.856388941923436 10.569327651359854 11.160292406387558 11.828135765558176 12.741908460531699 13.549132679297527 13.85624185638817 14.565177315808896 15.258754957093272 
0.11755631207322315 2.955888537157126 2.140912461038371 2.770661293080367 3.5462310650600553 4.170110174186015 4.9190042554720765 5.621889577417593 6.310842528760929 6.994043574206596 7.703151059159375 8.403682379948796 9.15249189022366 9.856522305771676 10.56922338232608 11.160256454899576 11.828066495192775 12.74171225717364 13.565311521026308 13.847800280982433 14.565175908658205 15.258675793701707 
1.8982869058765788 3.9508187314017036 2.1408936539617494 2.7706586722755735 3.546267811454358 4.170107148176455 4.91901202876829 5.6217785063861605 6.310954540741084 6.993431710388996 7.702819988875697 8.401724321018348 9.152406216957791 9.856158315812344 10.569284936048929 11.160239696615408 11.8280710225951 12.741911921221151 13.565886605498342 13.84798270498693 14.565180504308277 15.258668807975674 
0.1525211519222167 1.837286327116903 2.140914576258883 2.7706116532079403 3.54622756356767 4.170106878963272 4.919005889915578 5.621786958328899 6.310966346151845 6.994071022678028 7.702814162644408 8.403737136550326 9.152468394467414 9.85652296630728 10.569265559071416 11.160256118930734 11.82817679868197 12.74171065871844 13.565474691466957 13.848305665520423 14.565149454939286 15.25875646066913 
1.557555277866566 3.123963095013794 2.1408961586718105 2.7706615984659986 3.546264673783906 4.170106080882084 4.919007469156782 5.621731169358415 6.310828122890939 6.993455686495853 7.703292773412535 8.40363629096421 9.151959125192883 9.856516355151548 10.569379914924902 11.160248688477644 11.828062773457942 12.741711573707992 13.565898353159577 13.847913098625646 14.565064439481759 15.258759163086106 
